重投影误差1：1.06452像素

重投影误差2：1.06452像素

重投影误差3：0.142953像素

相机内参数矩阵：
[2066.272776010707, 0, 835.3165846422463;
 0, 2004.211508786532, 191.6257697737504;
 0, 0, 1]

畸变系数：
[-0.05251833805400351, 0.2662142966208501, -0.004619701947268491, 0.004587845692406121, 0]


第1幅图像的旋转向量：
[2.164467833719554;
 2.23149865773599;
 -0.03119734223895487]
第1幅图像的旋转矩阵：
[-0.03031229779001565, 0.9994956406381853, 0.009467256622358165;
 0.998840347335738, 0.03064415403367404, -0.03713349374598966;
 -0.03740488119099383, 0.008330676372580658, -0.9992654675781921]
第1幅图像的平移向量：
[-101.8523102489069;
 41.71714899991417;
 632.7184904925055]

第2幅图像的旋转向量：
[1.891120780234921;
 2.526287318041278;
 -0.07815404259367831]
第2幅图像的旋转矩阵：
[-0.2821166058476032, 0.9584721266011152, -0.04173012381677726;
 0.9592187420430135, 0.2810044016288149, -0.0305929923127877;
 -0.01759618192809935, -0.04865910802683377, -0.9986604355773719]
第2幅图像的平移向量：
[-76.8429464625949;
 14.52114084763971;
 634.6519579426614]

第3幅图像的旋转向量：
[2.107680769526319;
 2.296695868162391;
 -0.04224489399535537]
第3幅图像的旋转矩阵：
[-0.08568335099696811, 0.9963222473798417, -0.0005854382225596727;
 0.995669832037313, 0.08560594997691551, -0.03623819668994866;
 -0.03605480457192736, -0.00368791330320626, -0.9993430093630254]
第3幅图像的平移向量：
[-93.20257898415989;
 33.73411713190066;
 633.4826441283453]

第4幅图像的旋转向量：
[0.1246890218880518;
 3.105116171360379;
 -0.06031469074120021]
第4幅图像的旋转矩阵：
[-0.9962249421173274, 0.08077794835987534, 0.03179288854598105;
 0.07948237277006479, 0.9960293958525599, -0.04009981317194465;
 -0.03490583220850527, -0.03742145983728741, -0.9986897502335137]
第4幅图像的平移向量：
[42.74799180095221;
 43.32952467979857;
 636.0852916615266]

第5幅图像的旋转向量：
[0.2163630991902552;
 3.088358920287699;
 -0.06258978887800204]
第5幅图像的旋转矩阵：
[-0.9892269962885377, 0.1402132072700969, 0.0420738199001514;
 0.1383934102575493, 0.9894240502799356, -0.04344321264516368;
 -0.04772016147545158, -0.0371524593355556, -0.9981695652313172]
第5幅图像的平移向量：
[34.37900587983341;
 32.9893772307033;
 637.3615334457905]

第6幅图像的旋转向量：
[0.4006105360921747;
 3.043911204755006;
 -0.06195583104254942]
第6幅图像的旋转矩阵：
[-0.9634979355650714, 0.2597372475752992, 0.06487133715172977;
 0.2568824341445338, 0.9651906113901884, -0.04917823413069608;
 -0.07538662474089775, -0.03071882006591433, -0.9966810978963798]
第6幅图像的平移向量：
[21.1422558182251;
 20.38910558758648;
 639.4274926331208]

第7幅图像的旋转向量：
[0.1928902358664698;
 3.09255406216253;
 -0.0649542342128941]
第7幅图像的旋转矩阵：
[-0.9913598289983373, 0.1250385343871203, 0.03963652818686764;
 0.1232639913575413, 0.9913782900766271, -0.04444180913680064;
 -0.04485173221844854, -0.03917206763836643, -0.9982253609450823]
第7幅图像的平移向量：
[39.05578981839557;
 17.37907607180779;
 637.8883996946503]

第8幅图像的旋转向量：
[1.999553974779044;
 2.409078005124246;
 -0.06474504397859912]
第8幅图像的旋转矩阵：
[-0.1845118053340847, 0.9826540635920381, -0.01861142118193985;
 0.9822352250408898, 0.18370815983834, -0.03827890669394023;
 -0.03419585327535037, -0.02534370365328736, -0.9990937595160452]
第8幅图像的平移向量：
[-71.64901914752139;
 5.456020057182646;
 635.9943719507096]

第9幅图像的旋转向量：
[1.930679696848511;
 2.487769441238038;
 -0.06917301597174474]
第9幅图像的旋转矩阵：
[-0.2485608770794664, 0.9680398364680091, -0.03341205465811296;
 0.9684007740513062, 0.2476300873088726, -0.0296526672701018;
 -0.02043113316283231, -0.03972675257796323, -0.9990016786408779]
第9幅图像的平移向量：
[-85.05513388074979;
 14.76765474724818;
 634.2237578158486]

第10幅图像的旋转向量：
[1.828513333332443;
 2.117038130582268;
 -0.3493487607269716]
第10幅图像的旋转矩阵：
[-0.1287351100111799, 0.9883335988438928, 0.0813877684095633;
 0.9097853783719048, 0.15036337608345, -0.3868868315586319;
 -0.3946109942096135, 0.02423948285476218, -0.9185285029436125]
第10幅图像的平移向量：
[-83.87060517430943;
 62.67103444407973;
 608.9115101607016]

第11幅图像的旋转向量：
[1.461382073226868;
 2.211355362867761;
 -0.4023704208438957]
第11幅图像的旋转矩阵：
[-0.3324920767626939, 0.9190742386689945, 0.2115456515862222;
 0.7856497662939663, 0.3940109776530941, -0.4769798677209446;
 -0.5217312177858129, 0.0076087649366883, -0.8530759890442767]
第11幅图像的平移向量：
[-54.59972254801791;
 52.86458065717738;
 587.2949958990374]

第12幅图像的旋转向量：
[1.913833734749661;
 2.117153703754752;
 -0.3224912710083334]
第12幅图像的旋转矩阵：
[-0.09189754433145536, 0.9945472696871661, 0.04930080834683379;
 0.9347635132827975, 0.1032248342158114, -0.3399438304136719;
 -0.3431792761532219, 0.01484459359232307, -0.9391526087170442]
第12幅图像的平移向量：
[-50.70165883775636;
 33.02363686972768;
 616.4144880709929]

第13幅图像的旋转向量：
[-0.4735414066313059;
 -3.022996725360754;
 0.5871380655489138]
第13幅图像的旋转矩阵：
[-0.9534724030572971, 0.2899985846651065, -0.08240872223483596;
 0.2997625602156349, 0.8827961560766517, -0.3616812883040202;
 -0.03213695849191653, -0.3695561766613067, -0.9286524905422727]
第13幅图像的平移向量：
[59.33202666013969;
 14.8724299059469;
 614.3155315793733]

第14幅图像的旋转向量：
[0.399593019090068;
 2.98226858559493;
 -0.6661706121979609]
第14幅图像的旋转矩阵：
[-0.9646170107881031, 0.2636487176688212, 0.001837435661640172;
 0.2378065492836455, 0.8730348565973952, -0.4257442709934828;
 -0.1138510764816458, -0.4102432118116682, -0.9048416654566793]
第14幅图像的平移向量：
[69.94203180720605;
 15.72229681121333;
 538.9339055554739]


